16474
16451
16449
16472
16470
16482
16447
16477
16445
16479
16469
16484
16461
16468
16464
16463
16465
16450
16454
16466
16467
16478
16446
16473
16460
16444
16452
16448
16453
16476
16483
16471
16510
16515
16512
16517
16519
16518
16520
16513
16516
16514
16511
16532
16531
16528
16523
16533
16527
16530
16525
16524
16529
16522
16521
16526
16509
16508
16534
16535
16547
16545
16544
16550
16549
16546
16548
16543
16558
16552
16556
16557
16555
16551
16554
16553
16562
16561
16563
16560
16559
16565
16567
16566
16569
16568
16570
16575
16564
16574
16572
16573
16571
16578
16586
16590
16585
16589
16588
16587
16584
16591
16598
16595
16594
16597
16599
16592
16593
16596
16608
16609
16605
16611
16606
16610
16604
16603
16607
16600
16601
16602
16615
16619
16618
16620
16616
16623
16624
16628
16630
16629
16631
16634
16632
16627
16636
16635
16637
16638
16625
16633
16626
16660
16663
16661
16662
16665
16666
16667
16668
16670
16676
16675
16622
16621
16614
16678
16677
16702
16701
16703
16706
16688
16705
16687
16730
16700
16704
16707
16698
16699
16697
16749
16758
16760
16759
16763
16761
16762
16767
16771
16768
16770
16769
16772
16773
16774
16775
16776
16777
16779
16778
16781
16782
16780
16790
16791
16795
16792
16794
16793
16796
16797
